 DBQRU EXAMPLE PROGRAM RESULTS

 Updated factor R 
   -1.1151   -0.8719   -0.7370   -1.0498   -0.7582   -0.3575   -0.9515   -0.9348   -0.9308   -0.8284
    0.0000   -0.7644   -0.1304   -0.7553   -0.8987   -0.7155   -0.4280   -0.6395   -0.4807   -0.4885
    0.0000    0.0000   -1.0461   -0.9729   -0.5864    0.0404   -0.4641    0.0369   -0.4346   -0.7317
    0.0000    0.0000    0.0000   -0.3434   -0.5962   -1.1844   -0.5246   -0.1352   -0.6739   -0.5547
    0.0000    0.0000    0.0000    0.0000   -0.6206   -0.5150   -0.4185   -0.2111   -0.5645   -0.8939
    0.0000    0.0000    0.0000    0.0000    0.0000   -0.7248    0.1319   -0.8271   -0.2686   -0.2104
    0.0000    0.0000    0.0000    0.0000    0.0000    0.0000   -0.9995   -0.5361   -0.3473   -0.5801
    0.0000    0.0000    0.0000    0.0000    0.0000    0.0000    0.0000   -1.1306   -0.3705   -0.3575
    0.0000    0.0000    0.0000    0.0000    0.0000    0.0000    0.0000    0.0000   -1.1503   -0.7074
    0.0000    0.0000    0.0000    0.0000    0.0000    0.0000    0.0000    0.0000    0.0000   -0.9788

 Unitary matrix Q 
   -0.1455   -0.4234    0.0533   -0.0311   -0.6040    0.3969   -0.1641    0.0578    0.0518   -0.1324   -0.2663   -0.2446   -0.3037
    0.0000   -0.1096   -0.9059    0.1559   -0.1374   -0.1679    0.0313   -0.1649    0.1895   -0.0826    0.1448   -0.0576   -0.0286
    0.0000    0.0000   -0.0044   -0.5169   -0.0648   -0.3549    0.0118   -0.3985   -0.1034    0.1477   -0.1685    0.3001   -0.5410
    0.0000    0.0000    0.0000   -0.7682   -0.0890    0.0150    0.0383    0.0658    0.2931   -0.1905    0.3002   -0.2565    0.3434
    0.0000    0.0000    0.0000    0.0000   -0.6474   -0.2173    0.1458    0.1727   -0.3283    0.2692    0.1053    0.3619    0.4003
    0.0000    0.0000    0.0000    0.0000    0.0000   -0.6750   -0.2212    0.4492   -0.0798   -0.1431   -0.3532   -0.3764   -0.0156
    0.0000    0.0000    0.0000    0.0000    0.0000    0.0000   -0.9426   -0.1271    0.0052    0.0819    0.1965    0.1799    0.1330
    0.0000    0.0000    0.0000    0.0000    0.0000    0.0000    0.0000   -0.6472   -0.3354   -0.0431   -0.3741   -0.3525    0.4501
    0.0000    0.0000    0.0000    0.0000    0.0000    0.0000    0.0000    0.0000   -0.6783   -0.3451    0.5479   -0.2282   -0.2619
    0.0000    0.0000    0.0000    0.0000    0.0000    0.0000    0.0000    0.0000    0.0000   -0.8120   -0.2297    0.5186    0.1376
   -0.5778    0.2521    0.2939    0.2693   -0.2447   -0.2959    0.0542   -0.2927    0.3321   -0.1445    0.2516   -0.0999   -0.0563
   -0.3395   -0.8208    0.0906    0.0089    0.3103   -0.1932    0.0814   -0.0224   -0.0341    0.0703    0.1281    0.1258    0.1541
   -0.7278    0.2674   -0.2862   -0.2118    0.1702    0.2457   -0.0482    0.2312   -0.2581    0.1084   -0.2063    0.0694    0.0335
